-122.05877383333333 36.956930666666665
-122.05877383333333 36.956930666666665
-122.05877383333333 36.956930666666665
-122.0587745 36.9569305
-122.0587745 36.9569305
-122.0587745 36.9569305
-122.05877533333333 36.95693
-122.05877533333333 36.95693
-122.05877533333333 36.95693
-122.058776 36.9569295
-122.058776 36.9569295
-122.058776 36.9569295
-122.05877633333333 36.9569295
-122.05877633333333 36.9569295
-122.05877633333333 36.9569295
-122.0587765 36.95693
-122.0587765 36.95693
-122.0587765 36.95693
-122.05877783333334 36.9569305
-122.05877783333334 36.9569305
-122.05877783333334 36.9569305
-122.05878066666666 36.956931
-122.05878066666666 36.956931
-122.05878066666666 36.956931
-122.05878466666667 36.95693266666667
-122.05878466666667 36.95693266666667
-122.05878466666667 36.95693266666667
-122.058789 36.95693466666667
-122.058789 36.95693466666667
-122.058789 36.95693466666667
-122.05879316666666 36.9569375
-122.05879316666666 36.9569375
-122.05879316666666 36.9569375
-122.05879616666667 36.95694116666667
-122.05879616666667 36.95694116666667
-122.05879616666667 36.95694116666667
-122.0587985 36.95694433333333
-122.0587985 36.95694433333333
-122.0587985 36.95694433333333
-122.05879916666666 36.9569475
-122.05879916666666 36.9569475
-122.05879916666666 36.9569475
-122.058799 36.95695
-122.058799 36.95695
-122.058799 36.95695
-122.0587985 36.956953666666664
-122.0587985 36.956953666666664
-122.0587985 36.956953666666664
-122.05879616666667 36.956958666666665
-122.05879616666667 36.956958666666665
-122.05879616666667 36.956958666666665
-122.0587955 36.956959166666664
-122.0587955 36.956959166666664
-122.0587955 36.956959166666664
-122.05879233333333 36.95696016666667
-122.05879233333333 36.95696016666667
-122.05879233333333 36.95696016666667
-122.05878816666667 36.95696183333333
-122.05878816666667 36.95696183333333
-122.05878816666667 36.95696183333333
-122.05878533333333 36.95696233333334
-122.05878533333333 36.95696233333334
-122.05878533333333 36.95696233333334
-122.05878283333334 36.956962833333336
-122.05878283333334 36.956962833333336
-122.05878283333334 36.956962833333336
-122.05877883333334 36.95696366666667
-122.05877883333334 36.95696366666667
-122.05877883333334 36.95696366666667
-122.05877283333334 36.95696383333333
-122.05877283333334 36.95696383333333
-122.05877283333334 36.95696383333333
-122.05876766666667 36.9569625
-122.05876766666667 36.9569625
-122.05876766666667 36.9569625
-122.05876216666667 36.95696066666667
-122.05876216666667 36.95696066666667
-122.05876216666667 36.95696066666667
-122.058757 36.95695833333333
-122.058757 36.95695833333333
-122.058757 36.95695833333333
-122.05875 36.956956
-122.05875 36.956956
-122.05875 36.956956
-122.058741 36.956953666666664
-122.058741 36.956953666666664
-122.058741 36.956953666666664
-122.05873033333333 36.956952333333334
-122.05873033333333 36.956952333333334
-122.05873033333333 36.956952333333334
-122.05871883333333 36.956952
-122.05871883333333 36.956952
-122.05871883333333 36.956952
-122.05870733333333 36.9569525
-122.05870733333333 36.9569525
-122.05870733333333 36.9569525
-122.05869533333333 36.956953166666665
-122.05869533333333 36.956953166666665
-122.05869533333333 36.956953166666665
-122.05868283333334 36.956954
-122.05868283333334 36.956954
-122.05868283333334 36.956954
-122.05867 36.9569555
-122.05867 36.9569555
-122.05867 36.9569555
-122.058657 36.95695666666667
-122.058657 36.95695666666667
-122.058657 36.95695666666667
-122.058644 36.95695833333333
-122.058644 36.95695833333333
-122.058644 36.95695833333333
-122.05863066666667 36.95696
-122.05863066666667 36.95696
-122.05863066666667 36.95696
-122.05861816666666 36.956961666666665
-122.05861816666666 36.956961666666665
-122.05861816666666 36.956961666666665
-122.058607 36.956963333333334
-122.058607 36.956963333333334
-122.058607 36.956963333333334
